4 0.8460324078125 0.5894135796875 0.35581944375 0.5894135796875 0.35581944375 0.8394259265624999 0.8460324078125 0.8394259265624999 0.8460324078125 0.5894135796875
1 0.20052777812499997 0.38482716093749997 0.1256574078125 0.38482716093749997 0.1256574078125 0.458358025 0.20052777812499997 0.458358025 0.20052777812499997 0.38482716093749997
2 0.1627129625 0.1860123453125 0.1513240734375 0.1860123453125 0.1513240734375 0.2034691359375 0.1627129625 0.2034691359375 0.1627129625 0.1860123453125
2 0.301115740625 0.198598765625 0.2932175921875 0.198598765625 0.2932175921875 0.2142901234375 0.301115740625 0.2142901234375 0.301115740625 0.198598765625
2 0.4810138890625 0.1988086421875 0.46813425937500003 0.1988086421875 0.46813425937500003 0.21654938281249997 0.4810138890625 0.21654938281249997 0.4810138890625 0.1988086421875
2 0.47974074062499994 0.28464814843749997 0.46694444375 0.28464814843749997 0.46694444375 0.3013518515625 0.47974074062499994 0.3013518515625 0.47974074062499994 0.28464814843749997
2 0.616759259375 0.20251851875 0.6036481484375 0.20251851875 0.6036481484375 0.2182469140625 0.616759259375 0.2182469140625 0.616759259375 0.20251851875
2 0.8393842593749999 0.17859876562500002 0.8296527781249999 0.17859876562500002 0.8296527781249999 0.1955740734375 0.8393842593749999 0.1955740734375 0.8393842593749999 0.17859876562500002
2 0.7458611109375 0.3506913578125 0.7353425921875 0.3506913578125 0.7353425921875 0.367580246875 0.7458611109375 0.367580246875 0.7458611109375 0.3506913578125
2 0.43411111093750004 0.30578395 0.42348148124999996 0.30578395 0.42348148124999996 0.3237469140625 0.43411111093750004 0.3237469140625 0.43411111093750004 0.30578395
2 0.5233009265625 0.106561728125 0.5121805562499999 0.106561728125 0.5121805562499999 0.12180864218750001 0.5233009265625 0.12180864218750001 0.5233009265625 0.106561728125
2 0.363597221875 0.0961851859375 0.3505879625 0.0961851859375 0.3505879625 0.116135803125 0.363597221875 0.116135803125 0.363597221875 0.0961851859375